Simulation Number Dipole.photonEnergy ExitSlit.totalHeight PG.cFactor Dipole.numberRays
0                 200                 0.1                  2.25       5000.0           
1                 200                 0.1                  3.0        5000.0           
2                 450                 0.1                  2.25       5000.0           
3                 450                 0.1                  3.0        5000.0           
4                 700                 0.1                  2.25       5000.0           
5                 700                 0.1                  3.0        5000.0           
6                 950                 0.1                  2.25       5000.0           
7                 950                 0.1                  3.0        5000.0           
8                 1200                0.1                  2.25       5000.0           
9                 1200                0.1                  3.0        5000.0           
10                1450                0.1                  2.25       5000.0           
11                1450                0.1                  3.0        5000.0           
12                1700                0.1                  2.25       5000.0           
13                1700                0.1                  3.0        5000.0           
14                1950                0.1                  2.25       5000.0           
15                1950                0.1                  3.0        5000.0           
16                2200                0.1                  2.25       5000.0           
17                2200                0.1                  3.0        5000.0           
18                2450                0.1                  2.25       5000.0           
19                2450                0.1                  3.0        5000.0           
20                2700                0.1                  2.25       5000.0           
21                2700                0.1                  3.0        5000.0           
22                2950                0.1                  2.25       5000.0           
23                2950                0.1                  3.0        5000.0           
24                3200                0.1                  2.25       5000.0           
25                3200                0.1                  3.0        5000.0           
26                3450                0.1                  2.25       5000.0           
27                3450                0.1                  3.0        5000.0           
28                3700                0.1                  2.25       5000.0           
29                3700                0.1                  3.0        5000.0           
30                3950                0.1                  2.25       5000.0           
31                3950                0.1                  3.0        5000.0           
32                4200                0.1                  2.25       5000.0           
33                4200                0.1                  3.0        5000.0           
34                4450                0.1                  2.25       5000.0           
35                4450                0.1                  3.0        5000.0           
36                4700                0.1                  2.25       5000.0           
37                4700                0.1                  3.0        5000.0           
38                4950                0.1                  2.25       5000.0           
39                4950                0.1                  3.0        5000.0           
40                5200                0.1                  2.25       5000.0           
41                5200                0.1                  3.0        5000.0           
42                5450                0.1                  2.25       5000.0           
43                5450                0.1                  3.0        5000.0           
44                5700                0.1                  2.25       5000.0           
45                5700                0.1                  3.0        5000.0           
46                5950                0.1                  2.25       5000.0           
47                5950                0.1                  3.0        5000.0           
48                6200                0.1                  2.25       5000.0           
49                6200                0.1                  3.0        5000.0           
50                6450                0.1                  2.25       5000.0           
51                6450                0.1                  3.0        5000.0           
52                6700                0.1                  2.25       5000.0           
53                6700                0.1                  3.0        5000.0           
54                6950                0.1                  2.25       5000.0           
55                6950                0.1                  3.0        5000.0           
56                7200                0.1                  2.25       5000.0           
57                7200                0.1                  3.0        5000.0           
