set_energy	fo_energy	fo_flux	fm_energy	fm_flux	bo_energy	bo_flux	max_energy_emittance	flux_emittance	power_all	power_sum
400	399.371765	4.28335713E+14	399.529999	4.18433330E+14	400.000000	2.51514308E+14	400.009308	1.18597919E+21	23.4773197	23.4773197
450	449.291840	4.14109204E+14	449.470001	4.04559713E+14	450.000000	2.43006163E+14	450.010284	1.28760320E+21	21.8606586	21.8606586
500	499.211517	3.98753219E+14	499.410004	3.89541588E+14	500.000000	2.33775221E+14	500.011047	1.37526366E+21	20.4799595	20.4799595
550	549.132812	3.82425968E+14	549.349976	3.73722586E+14	550.000000	2.24607462E+14	550.013794	1.44844884E+21	19.2799797	19.2799797
600	599.053223	3.65248985E+14	599.289978	3.56991206E+14	600.000000	2.14648003E+14	600.015869	1.50686939E+21	18.2220974	18.2220974
650	648.972046	3.47421817E+14	649.229980	3.39511159E+14	650.000000	2.03925483E+14	650.016602	1.55044847E+21	17.2783318	17.2783318
700	698.891968	3.29066402E+14	699.169983	3.21593226E+14	700.000000	1.93218029E+14	700.018555	1.57932372E+21	16.4278603	16.4278603
750	748.812073	3.10367457E+14	749.109985	3.03341897E+14	750.000000	1.82350235E+14	750.021057	1.59381434E+21	15.6548071	15.6548071
800	798.728394	2.91480405E+14	799.049988	2.84729086E+14	800.000000	1.70707921E+14	800.019775	1.59442922E+21	14.9468079	14.9468079
850	848.650513	2.72511279E+14	848.989990	2.66306729E+14	850.000000	1.60035011E+14	850.024597	1.58186446E+21	14.2941217	14.2941217
900	898.566589	2.53637499E+14	898.929993	2.47745961E+14	900.000000	1.48527234E+14	900.023438	1.55693323E+21	13.6888752	13.6888752
950	948.482971	2.34948166E+14	948.869995	2.29414118E+14	950.000000	1.37287556E+14	950.022766	1.52061818E+21	13.1246634	13.1246634
1000	998.402832	2.16617414E+14	998.809998	2.11563361E+14	1000.00000	1.26787216E+14	1000.02692	1.47397834E+21	12.5962009	12.5962009
1050	1048.31702	1.98728422E+14	1048.75000	1.93983389E+14	1050.00000	1.15972069E+14	1050.02515	1.41819169E+21	12.0990744	12.0990744
1100	1098.23865	1.81423160E+14	1098.69995	1.76894620E+14	1100.00000	1.06031795E+14	1100.02991	1.35446688E+21	11.6295595	11.6295595
1150	1148.15637	1.64665556E+14	1148.64001	1.60548193E+14	1150.00000	9.61075101E+13	1150.02979	1.28413261E+21	11.1844797	11.1844797
1200	1198.07104	1.48658482E+14	1198.57996	1.44945785E+14	1200.00000	8.67650670E+13	1200.03210	1.20844835E+21	10.7611036	10.7611036
1250	1247.97998	1.33473247E+14	1248.52002	1.29956097E+14	1250.00000	7.73227240E+13	1250.02283	1.12871459E+21	10.3570538	10.3570538
1300	1297.89929	1.19068657E+14	1298.45996	1.16003443E+14	1300.00000	6.91535620E+13	1300.02905	1.04621990E+21	9.97024632	9.97024632
1350	1347.81763	1.05601124E+14	1348.40002	1.02853553E+14	1350.00000	6.13384622E+13	1350.03210	9.62225304E+20	9.59883404	9.59883404
1400	1397.72754	9.29745244E+13	1398.33997	9.05336072E+13	1400.00000	5.38420120E+13	1400.02869	8.77885268E+20	9.24116611	9.24116611
1450	1447.64014	8.13302725E+13	1448.28003	7.91193793E+13	1450.00000	4.69062648E+13	1450.02393	7.94323299E+20	8.89575195	8.89575195
1500	1497.54199	7.05817477E+13	1498.21997	6.86196397E+13	1500.00000	4.05189060E+13	1500.01660	7.12526882E+20	8.56123066	8.56123066
1550	1547.46521	6.07833922E+13	1548.16003	5.90960950E+13	1550.00000	3.49052307E+13	1550.01917	6.33422843E+20	8.23634911	8.23634911
1600	1597.37012	5.19263559E+13	1598.09998	5.04443867E+13	1600.00000	2.97268528E+13	1600.01550	5.57786049E+20	7.91993284	7.91993284
1650	1647.29358	4.39365298E+13	1648.04004	4.27305206E+13	1650.00000	2.52870457E+13	1650.02795	4.86309841E+20	7.61089897	7.61089897
1700	1697.20081	3.68346210E+13	1697.97998	3.57735376E+13	1700.00000	2.10408749E+13	1700.01379	4.19513226E+20	7.30820417	7.30820417
1750	1747.10779	3.05752745E+13	1747.92004	2.96780793E+13	1750.00000	1.74446116E+13	1750.01355	3.57831855E+20	7.01084709	7.01084709
1800	1797.02283	2.50801239E+13	1797.85999	2.43591293E+13	1800.00000	1.43499817E+13	1800.02051	3.01549772E+20	6.71786356	6.71786356
1850	1846.93201	2.03230051E+13	1847.80005	1.97237922E+13	1850.00000	1.15711242E+13	1850.00977	2.50820082E+20	6.42831278	6.42831278
1900	1896.84338	1.62599419E+13	1897.73999	1.57666970E+13	1900.00000	9.23297592E+12	1900.00513	2.05691481E+20	6.14127159	6.14127159
1950	1946.73853	1.28173275E+13	1947.68005	1.24165827E+13	1950.00000	7.24856524E+12	1949.99719	1.66096484E+20	5.85582876	5.85582876
2000	1996.66101	9.93330305E+12	1997.62000	9.63386540E+12	2000.00000	5.65041902E+12	2000.01184	1.31867851E+20	5.57107925	5.57107925
2050	2046.57837	7.56092554E+12	2047.56006	7.33371118E+12	2050.00000	4.30147345E+12	2050.01343	1.02739994E+20	5.28612280	5.28612280
2100	2096.49219	5.64049268E+12	2097.50000	5.46700473E+12	2100.00000	3.20014595E+12	2100.00830	7.83847293E+19	5.00006104	5.00006104
2150	2146.38452	4.11193862E+12	2147.44995	3.97616795E+12	2150.00000	2.31642366E+12	2149.99146	5.84068845E+19	4.71199751	4.71199751
2200	2196.30786	2.91849817E+12	2197.38989	2.82606043E+12	2200.00000	1.65744122E+12	2200.01514	4.23670110E+19	4.42103577	4.42103577
2250	2246.19971	2.00845204E+12	2247.33008	1.94279191E+12	2250.00000	1.13225551E+12	2249.99512	2.97970334E+19	4.12628984	4.12628984
2300	2296.11304	1.33394425E+12	2297.27002	1.29034827E+12	2300.00000	7.51298085E+11	2299.99365	2.02156318E+19	3.82687521	3.82687521
2350	2346.01050	8.49586422E+11	2347.20996	8.20426965E+11	2350.00000	4.74178257E+11	2349.97021	1.31437489E+19	3.52192211	3.52192211
2400	2395.91699	5.14300346E+11	2397.14990	4.96135045E+11	2400.00000	2.85780247E+11	2399.95996	8.11949150E+18	3.21057940	3.21057940
2450	2445.83301	2.92428087E+11	2447.09009	2.82283999E+11	2450.00000	1.63225649E+11	2449.97705	4.71024954E+18	2.89202189	2.89202189
2500	2495.69434	1.53478152E+11	2497.03003	1.47799376E+11	2500.00000	8.44031508E+10	2499.93335	2.52405264E+18	2.56545973	2.56545973
2550	2545.60156	7.26371615E+10	2546.96997	6.99624571E+10	2550.00000	3.98520402E+10	2549.92847	1.22005232E+18	2.23014736	2.23014736
2600	2595.53687	2.98729431E+10	2596.90991	2.87997276E+10	2600.00000	1.64188344E+10	2599.93750	5.12557892E+17	1.88539624	1.88539624
2650	2645.44263	1.00265267E+10	2646.85010	9.65384090E+09	2650.00000	5.44677069E+09	2649.90186	1.75916363E+17	1.53058577	1.53058577
2700	2695.33740	2.45130470E+09	2696.79004	2.35466445E+09	2700.00000	1.30726746E+09	2699.84155	4.39751780E+16	1.16517711	1.16517711
2750	2745.16992	342298688.	2746.72998	326596000.	2750.00000	176342128.	2749.67822	6.21330263E+15	0.788726807	0.788726807
2800	2792.32251	16549892.0	2796.66992	15710311.0	2800.00000	9401434.00	2798.93799	2.37300802E+14	0.400900483	0.400900483
2850	2838.90063	22787.6680	2846.61011	21678.6172	2850.00000	21187.4727	2839.72192	2.65733796E+10	1.48724124E-03	1.48724124E-03
